100
7310652472228955738998850069065314270690
1603631277878390702972221564821360979508
4234860661981457981045238487257474813794
1489090353813770397341063381764876102339
6745169387450542096479909966695707036861
9913253112541839077575094671599433794313
5042691622848294956224039146980496536343
6902141683005672867552128027677124488042
8831257656641272624012065414214231674365
2537504221762644792240164310930172213549
8780770868509209844061294680557515041117
6853569521509524906101785328244779721376
1810310249425158930182776884187307986071
5576260116855974982921897154106335902840
8903164943436548219076247485425383545506
6544993028255114114723151933395420734254
6290626846890025649807262991004642550838
2145830145551052012394880005195685853515
4494806792711992261092754605278434339254
8494258583139224764436479691261912220375
8241385393394601431328520381844092074085
6962827082949123148479069232815119667098
4603748142825895074633113746503376550065
5651612530518943758453762326099444189176
1113145302489070662116682421847776204862
3600414894067271592357068423234860165575
8342177544684569468976409737069009078693
8264100438493088148022002345607301716290
8202383279071930932079271416354229762453
3692448125561957715347101443450281138330
3466950767508588482855763897560234213550
7618959111267805763518590331291335123219
3040578120335213343754682517278360200575
2503501920472370283430755569439129913086
6598956796312566017439411648909757028556
5453486354714766199673655149805362645129
5856912401804644110254050072008418441715
3507781655367513328911655702066966120081
5598985604256880745661030509436487011488
3822263278716677156493934860561713407701
8243061033421315209387388503314127690423
2854220372344780553051084783812056885443
3953052705053665204849505625036863871090
687462874538900503761636482766398825858
2308178647672652767025799076415089430863
5981140247268475228125453294240732900453
6382001059093578133427519249632038776396
7461113357016162838006349122461556487842
7227305522236943132537468652670725076476
4092679176379299951783323715875983990272
8620975517674804319082683821931906257515
3887893604727377214872622363040645838725
7276414310824947616210045220334383771157
4328754807061854410415275928016599671759
7409319390365577622003163653946727585017
5688528788820905597748811987352441156877
8488404594582365562796906789317832180565
1620787351432193132737271626148497410728
6425333981126862811749199932361340834814
5397965679830594122467071761347276739710
9141383985166673816770413654023029946465
5051510378559655277419314393913279759617
4936283100047225277793283461187398107553
2508667819789718633741233215105006996852
763736188464396978012035162119973601948
3749336492014586712255135819634618937212
9232020255460927210863245186573846164436
6632806018025383042720600039064858567889
6469722538958131054149355256868248217442
9335424507120325137717402359907992599376
6161439201100787741320200769030012926675
8029237976342525654329410819652879015620
8862342989232321046853629982332945492579
5514664203580913066064203408131798332380
3839941190707938468681534719390209263632
6324560113257315602931414780608058199346
1908620948036982717396288652222859382566
4584927990169222937208185859951856411249
1866212722497618655688089839530771594510
97983403951479242110988555196791457928
2102647601036671122364702095693015936281
5053876847441676932564393297406116538830
6106815518963598838213423518816199210815
9191493706108993037588666491177304859949
5028740495591000865944528311968065206000
4337732142875782589368693578384427306624
8247134826113192650203234497960706394459
2547294695382720590381210134694623184028
9874815311449091204846541469184119442038
3834820240092177374989393586326444889030
830085763354839876363913297902546211238
2613734833079746311159079295317412003235
838340925972883179717154945727603496166
5256587109336289375604339455091638660520
5363191745627794716087290650223138167719
4546306372433936489371712342623015269105
2752776684774616630400236615732034985874
7728139616392806504992640025270080680263
6838294390817221862376963592912943534362
312470659894875817563253776195537973103
